1 1 1
1 2 1
1 3 1
1 4 1
1 10 0
1 16 1
1 17 1
1 18 1
1 19 1
1 20 1
1 21 1
1 22 1
1 29 1
1 30 1
1 31 1
1 32 1
1 33 1
1 34 1
1 35 1
1 41 0
1 47 1
1 48 1
1 49 1
1 50 1
2 1 1
2 8 2
2 10 0
2 41 0
2 43 2
2 50 1
3 1 1
3 8 2
3 10 0
3 41 0
3 43 2
3 50 1
4 1 1
4 4 3
4 10 0
4 14 2
4 37 2
4 41 0
4 47 3
4 50 1
5 10 0
5 41 0
6 10 0
6 41 0
7 23 1
7 24 1
7 25 0
7 26 0
7 27 1
7 28 1
8 2 2
8 3 2
8 23 1
8 24 0
8 25 0
8 26 0
8 27 0
8 28 1
8 48 2
8 49 2
9 24 0
9 25 0
9 26 0
9 27 0
10 1 0
10 2 0
10 3 0
10 4 0
10 5 0
10 6 0
10 25 0
10 26 0
10 45 0
10 46 0
10 47 0
10 48 0
10 49 0
10 50 0
11 23 2
11 28 2
15 1 1
15 10 2
15 41 2
15 50 1
16 1 1
16 7 0
16 8 0
16 22 0
16 23 0
16 24 0
16 25 0
16 26 0
16 27 0
16 28 0
16 29 0
16 43 0
16 44 0
16 50 1
17 1 1
17 6 0
17 7 0
17 8 0
17 9 0
17 20 0
17 21 0
17 22 0
17 23 1
17 24 1
17 25 1
17 26 1
17 27 1
17 28 1
17 29 0
17 30 0
17 31 0
17 42 0
17 43 0
17 44 0
17 45 0
17 50 1
18 1 1
18 6 0
18 7 0
18 8 0
18 9 0
18 19 0
18 20 0
18 21 1
18 22 1
18 23 1
18 28 1
18 29 1
18 30 1
18 31 0
18 32 0
18 42 0
18 43 0
18 44 0
18 45 0
18 50 1
19 1 1
19 7 0
19 8 0
19 9 1
19 18 0
19 19 0
19 32 0
19 33 0
19 42 1
19 43 0
19 44 0
19 50 1
20 1 1
20 8 1
20 9 1
20 17 0
20 18 0
20 19 1
20 22 2
20 29 2
20 32 1
20 33 0
20 34 0
20 42 1
20 43 1
20 50 1
21 1 1
21 17 0
21 18 1
21 19 1
21 21 2
21 22 2
21 29 2
21 30 2
21 32 1
21 33 1
21 34 0
21 50 1
22 4 2
22 16 0
22 17 0
22 18 1
22 33 1
22 34 0
22 35 0
22 47 2
23 16 0
23 35 0
24 25 0
24 26 0
25 24 0
25 25 0
25 26 0
25 27 0
26 24 0
26 25 0
26 26 0
26 27 0
27 25 0
27 26 0
28 16 0
28 35 0
29 4 2
29 16 0
29 17 0
29 18 1
29 33 1
29 34 0
29 35 0
29 47 2
30 1 1
30 17 0
30 18 1
30 19 1
30 21 2
30 22 2
30 29 2
30 30 2
30 32 1
30 33 1
30 34 0
30 50 1
31 1 1
31 8 1
31 9 1
31 17 0
31 18 0
31 19 1
31 22 2
31 29 2
31 32 1
31 33 0
31 34 0
31 42 1
31 43 1
31 50 1
32 1 1
32 7 0
32 8 0
32 9 1
32 18 0
32 19 0
32 32 0
32 33 0
32 42 1
32 43 0
32 44 0
32 50 1
33 1 1
33 6 0
33 7 0
33 8 0
33 9 0
33 19 0
33 20 0
33 21 1
33 22 1
33 23 1
33 28 1
33 29 1
33 30 1
33 31 0
33 32 0
33 42 0
33 43 0
33 44 0
33 45 0
33 50 1
34 1 1
34 6 0
34 7 0
34 8 0
34 9 0
34 20 0
34 21 0
34 22 0
34 23 1
34 24 1
34 25 1
34 26 1
34 27 1
34 28 1
34 29 0
34 30 0
34 31 0
34 42 0
34 43 0
34 44 0
34 45 0
34 50 1
35 1 1
35 7 0
35 8 0
35 22 0
35 23 0
35 24 0
35 25 0
35 26 0
35 27 0
35 28 0
35 29 0
35 43 0
35 44 0
35 50 1
36 1 1
36 10 2
36 41 2
36 50 1
40 23 2
40 28 2
41 1 0
41 2 0
41 3 0
41 4 0
41 5 0
41 6 0
41 25 0
41 26 0
41 45 0
41 46 0
41 47 0
41 48 0
41 49 0
41 50 0
42 24 0
42 25 0
42 26 0
42 27 0
43 2 2
43 3 2
43 23 1
43 24 0
43 25 0
43 26 0
43 27 0
43 28 1
43 48 2
43 49 2
44 23 1
44 24 1
44 25 0
44 26 0
44 27 1
44 28 1
45 10 0
45 41 0
46 10 0
46 41 0
47 1 1
47 4 3
47 10 0
47 14 2
47 37 2
47 41 0
47 47 3
47 50 1
48 1 1
48 8 2
48 10 0
48 41 0
48 43 2
48 50 1
49 1 1
49 8 2
49 10 0
49 41 0
49 43 2
49 50 1
50 1 1
50 2 1
50 3 1
50 4 1
50 10 0
50 16 1
50 17 1
50 18 1
50 19 1
50 20 1
50 21 1
50 22 1
50 29 1
50 30 1
50 31 1
50 32 1
50 33 1
50 34 1
50 35 1
50 41 0
50 47 1
50 48 1
50 49 1
50 50 1
